IRNSS-1A                
1 39199U 13034A   26214.17521071  .00000076  00000+0  00000+0 0  9992
2 39199  35.8202  63.2102 0018982 179.5369 186.0863  1.00274979 47838
IRNSS-1B                
1 39635U 14017A   26205.69231271  .00000154  00000+0  00000+0 0  9993
2 39635  28.8786 239.7600 0021233 191.7086 175.2164  1.00268036 45176
IRNSS-1C                
1 40269U 14061A   26214.60873881 -.00000155  00000+0  00000+0 0  9999
2 40269   6.6324  88.0429 0021716   7.4746 157.8052  1.00269370 43159
IRNSS-1E                
1 41241U 16003A   26214.48378309 -.00000293  00000+0  00000+0 0  9992
2 41241  33.3329  59.0780 0019531 176.3738   1.5348  1.00269740 38540
IRNSS-1G                
1 41469U 16027A   26214.61783884 -.00000328  00000+0  00000+0 0  9992
2 41469   5.3068  96.4065 0005185  30.3444 176.2126  1.00278838 37647
IRNSS-1I                
1 43286U 18035A   26214.17555737  .00000083  00000+0  00000+0 0  9994
2 43286  28.8722  73.4769 0018727 176.8652 178.7644  1.00269988 30531
NVS-01 (IRNSS-1J)       
1 56759U 23076A   26214.60898705 -.00000328  00000+0  00000+0 0  9990
2 56759   2.0619 242.2543 0003398  12.9104  44.8158  1.00269704 11588